  1    1                2 6.311e-06 
  2    2                3 1.447e-06 
  3    3                5 1.305e-06 
  4    3                8 1.698e-06 
  5    4               13 2.146e-06 
  6    4               22 2.534e-06 
  7    5               36 2.839e-06 
  8    5               60 4.058e-06 
  9    5              100 5.463e-06 
 10    6              167 7.614e-06 
 11    6              279 5.514e-06 
 12    6              465 6.520e-06 
 13    7              777 8.796e-06 
 14    7             1297 1.506e-05 
 15    7             2165 2.494e-05 
 16    7             3614 4.015e-05 
 17    8             6031 6.793e-05 
 18    8            10065 1.121e-04 
 19    8            16795 1.849e-04 
 20    8            28024 3.074e-04 
 21    9            46758 5.071e-04 
 22    9            78011 8.080e-04 
 23    9           130089 1.379e-03 
 24    9           216968 2.309e-03 
 25    9           359706 3.415e-03 
 26   10           597823 5.763e-03 
 27   10           995046 7.025e-03 
 28   10          1655498 1.363e-02 
 29   10          2757259 2.678e-02 
 30   10          4593012 4.095e-02 
 31   11          7651017 6.118e-02 
 32   11         12747967 9.560e-02 
 33   11         21239691 1.516e-01 
 34   12         35390165 2.491e-01 
 35   12         58969547 4.171e-01 
 36   12         98258424 7.306e-01 
 37   13        163727428 1.133e+00 
 38   13        272817267 1.869e+00 
 39   13        454593881 3.118e+00 
 40   14        757489987 5.177e+00 