  1    1                2 1.715e-05 
  2    2                3 2.286e-06 
  3    3                5 2.146e-06 
  4    3                8 2.234e-06 
  5    4               13 2.599e-06 
  6    4               18 3.065e-06 
  7    5               27 4.483e-06 
  8    5               34 4.282e-06 
  9    5               47 5.690e-06 
 10    6               54 5.616e-06 
 11    6               65 3.090e-06 
 12    6               81 1.819e-06 
 13    7               97 1.864e-06 
 14    7              116 1.846e-06 
 15    7              142 2.194e-06 
 16    7              160 2.234e-06 
 17    8              177 2.313e-06 
 18    8              205 2.620e-06 
 19    8              238 3.249e-06 
 20    8              267 3.493e-06 
 21    9              299 9.394e-06 
 22    9              340 4.222e-06 
 23    9              388 4.825e-06 
 24    9              420 4.804e-06 
 25    9              440 5.250e-06 
 26   10              466 5.045e-06 
 27   10              501 5.453e-06 
 28   10              542 6.076e-06 
 29   10              565 6.538e-06 
 30   10              580 5.990e-06 
 31   11              596 5.851e-06 
 32   11              613 6.208e-06 
 33   11              640 6.336e-06 
 34   12              664 6.421e-06 
 35   12              688 7.879e-06 
 36   12              727 7.197e-06 
 37   13              761 7.228e-06 
 38   13              794 7.221e-06 
 39   13              848 8.252e-06 
 40   14              894 8.392e-06 
 41   14              938 8.383e-06 
 42   14             1015 1.042e-05 
 43   15             1076 1.005e-05 
 44   15             1150 1.106e-05 
 45   15             1254 1.280e-05 
 46   16             1331 1.198e-05 
 47   16             1425 1.296e-05 
 48   16             1529 1.499e-05 
 49   16             1577 1.692e-05 
 50   17             1664 1.508e-05 
 55   19             2352 3.327e-05 
 60   21             3119 4.014e-05 
 65   23             5265 6.815e-05 
 70   25             9779 1.187e-04 
 75   26            16814 1.995e-04 
 80   27            28704 3.444e-04 
 85   28            43460 5.320e-04 
 90   30            53613 6.701e-04 
 95   32            74920 8.408e-04 
100   35           108662 1.197e-03 
110   39           228564 2.044e-03 
120   42           583169 5.731e-03 
130   44          1465949 1.190e-02 
140   46          3430499 3.240e-02 
150   48          7014627 5.979e-02 
160   52         10247311 7.773e-02 
170   57         20159808 1.434e-01 
180   60         63166786 4.474e-01 
190   62        175976270 1.212e+00 
200   64        361094918 2.578e+00 
220   70        546823384 4.484e+00 
240   77        610817057 4.540e+00 
260   81        835873087 6.425e+00 
280   88       1796245035 1.324e+01 
300   96       3786679279 2.679e+01 