  1    1                2 5.464e-05        0 
  2    2                3 2.117e-05        0 
  3    3                5 2.071e-05        0 
  4    3                8 2.136e-05        0 
  5    4               13 2.225e-05        0 
  6    4               21 2.279e-05        2 
  7    5               31 2.342e-05        6 
  8    5               45 2.432e-05       14 
  9    5               63 2.596e-05       27 
 10    6               87 2.728e-05       49 
 11    6              116 8.430e-06       83 
 12    6              150 7.463e-06      130 
 13    7              191 7.641e-06      194 
 14    7              238 8.251e-06      279 
 15    7              293 9.049e-06      388 
 16    7              357 1.040e-05      526 
 17    8              430 1.083e-05      697 
 18    8              510 1.157e-05      904 
 19    8              599 1.286e-05     1150 
 20    8              698 1.443e-05     1441 
 21    9              807 1.684e-05     1783 
 22    9              926 1.580e-05     2181 
 23    9             1045 1.662e-05     2637 
 24    9             1174 1.806e-05     3156 
 25    9             1286 1.891e-05     3730 
 26   10             1404 2.104e-05     4362 
 27   10             1528 2.699e-05     5055 
 28   10             1645 2.566e-05     5799 
 29   10             1769 2.696e-05     6597 
 30   10             1899 2.845e-05     7464 
 31   11             2034 3.176e-05     8404 
 32   11             2174 3.153e-05     9420 
 33   11             2318 3.229e-05    10513 
 34   12             2467 3.383e-05    11687 
 35   12             2621 3.264e-05    12945 
 36   12             2779 3.851e-05    14288 
 37   13             2942 3.998e-05    15720 
 38   13             3110 4.226e-05    17244 
 39   13             3282 3.457e-05    18861 
 40   14             3459 3.563e-05    20575 
 41   14             3641 3.840e-05    22389 
 42   14             3851 3.093e-05    24304 
 43   15             4067 3.252e-05    26324 
 44   15             4288 3.365e-05    28452 
 45   15             4538 3.571e-05    30713 
 46   16             4768 3.699e-05    33111 
 47   16             5003 3.928e-05    35626 
 48   16             5244 4.091e-05    38260 
 49   16             5465 4.356e-05    40990 
 50   17             5691 4.459e-05    43819 
 55   19             6554 7.602e-05    47115 
 60   21             7384 6.700e-05    50779 
 65   23             8735 7.803e-05    55178 
 70   25            10558 9.193e-05    60530 
 75   26            13061 1.187e-04    67039 
 80   27            16301 1.366e-04    75165 
 85   28            20138 2.097e-04    85325 
 90   30            21804 2.019e-04    96282 
 95   32            23039 2.203e-04   107847 
100   35            24324 2.439e-04   120044 
110   39            27998 2.734e-04   134053 
120   42            35530 3.079e-04   151794 
130   44            45720 3.778e-04   174939 
140   46            57353 4.814e-04   204048 
150   48            68912 5.395e-04   239211 
160   52            74150 6.484e-04   276717 
170   57            79036 6.395e-04   316534 
180   60            89869 7.547e-04   361735 
190   62           106904 8.639e-04   415742 
200   64           125257 1.163e-03   479263 
220   70           142473 1.639e-03   550885 
240   77           169042 1.924e-03   635653 
260   81           209739 1.882e-03   740635 
280   88           233547 1.915e-03   858820 
300   96           258091 2.721e-03   989226 
320  101           301989 3.284e-03  1141907 
340  111           323303 3.249e-03  1305087 
360  115           374611 3.891e-03  1494182 
380  120           439680 4.246e-03  1717182 
400  128           463630 5.400e-03  1951618 
420  134           522635 5.663e-03  2215890 
440  139           570515 6.340e-03  2505500 
460  147           604221 5.997e-03  2811916 
480  152           676376 6.723e-03  3155112 
500  159           724297 6.201e-03  3522375 
520  166           770816 7.139e-03  3913533 
540  171           872631 8.263e-03  4357098 
560  178           922168 9.163e-03  4824521 
580  185           982274 9.092e-03  5321746 
600  189          1095898 1.071e-02  5879790 
620  195          1162183 1.157e-02  6468575 
640  203          1227605 1.185e-02  7090013 
660  208          1320616 1.221e-02  7760716 
680  214          1396966 1.348e-02  8469312 
700  222          1455486 1.387e-02  9207117 
720  227          1563738 1.546e-02 10000627 
740  236          1611134 1.669e-02 10817540 
760  241          1733763 1.734e-02 11697948 
780  244          1876843 1.919e-02 12650857 
800  253          1923960 1.532e-02 13626478 