  1    1                2 3.935e-05     0 
  2    2                3 1.265e-05     0 
  3    3                5 1.314e-05     0 
  4    3                8 1.307e-05     0 
  5    4               12 1.342e-05     0 
  6    4               17 1.446e-05     2 
  7    5               22 1.998e-05     4 
  8    5               28 2.341e-05     7 
  9    5               35 2.291e-05    11 
 10    6               43 2.360e-05    17 
 11    6               51 7.202e-06    25 
 12    6               59 5.799e-06    34 
 13    7               68 5.922e-06    44 
 14    7               78 6.110e-06    57 
 15    7               89 6.324e-06    72 
 16    7              100 6.445e-06    90 
 17    8              111 6.421e-06   110 
 18    8              122 6.635e-06   133 
 19    8              134 6.582e-06   157 
 20    8              147 6.545e-06   185 
 21    9              160 1.587e-05   217 
 22    9              173 7.785e-06   252 
 23    9              184 7.619e-06   289 
 24    9              195 7.038e-06   327 
 25    9              203 7.161e-06   367 
 26   10              211 7.244e-06   408 
 27   10              219 7.209e-06   450 
 28   10              226 6.899e-06   492 
 29   10              233 7.031e-06   534 
 30   10              240 6.604e-06   577 
 31   11              247 7.374e-06   622 
 32   11              254 7.204e-06   669 
 33   11              261 6.766e-06   717 
 34   12              268 6.615e-06   767 
 35   12              275 6.836e-06   819 
 36   12              282 6.789e-06   872 
 37   13              289 6.777e-06   927 
 38   13              296 6.802e-06   984 
 39   13              303 7.542e-06  1042 
 40   14              310 6.870e-06  1102 
 41   14              317 7.876e-06  1164 
 42   14              325 7.740e-06  1227 
 43   15              333 7.673e-06  1292 
 44   15              341 7.699e-06  1359 
 45   15              350 8.155e-06  1428 
 46   16              358 7.851e-06  1498 
 47   16              366 8.360e-06  1571 
 48   16              374 8.447e-06  1645 
 49   16              381 8.801e-06  1720 
 50   17              388 8.823e-06  1797 
 55   19              413 1.105e-05  1880 
 60   21              435 7.541e-06  1969 
 65   23              469 7.192e-06  2066 
 70   25              512 7.219e-06  2172 
 75   26              568 7.736e-06  2292 
 80   27              637 8.493e-06  2428 
 85   28              714 9.141e-06  2584 
 90   30              743 1.328e-05  2745 
 95   32              763 1.433e-05  2912 
100   35              783 9.848e-06  3083 
110   39              837 1.942e-05  3266 
120   42              941 1.660e-05  3476 
130   44             1071 1.672e-05  3718 
140   46             1206 1.528e-05  3992 
150   48             1329 1.704e-05  4293 
160   52             1379 1.528e-05  4604 
170   57             1423 2.022e-05  4926 
180   60             1517 2.211e-05  5269 
190   62             1659 2.401e-05  5647 
200   64             1803 2.540e-05  6059 
220   70             1925 4.032e-05  6491 
240   77             2096 2.933e-05  6963 
260   81             2341 2.929e-05  7493 
280   88             2470 3.148e-05  8050 
300   96             2594 3.242e-05  8636 
320  101             2806 3.387e-05  9270 
340  111             2901 3.487e-05  9926 
360  115             3120 3.634e-05 10630 
380  120             3382 3.831e-05 11399 
400  128             3472 4.534e-05 12186 
420  134             3685 5.325e-05 13018 
440  139             3849 4.801e-05 13879 
460  147             3959 4.822e-05 14766 
480  152             4186 5.106e-05 15710 
500  159             4331 5.103e-05 16681 
520  166             4465 5.272e-05 17683 
540  171             4750 5.420e-05 18758 
560  178             4883 5.907e-05 19859 
580  185             5038 5.904e-05 20996 
600  189             5323 6.213e-05 22207 
620  195             5483 6.377e-05 23451 
640  203             5635 6.133e-05 24731 
660  208             5846 6.342e-05 26063 
680  214             6013 6.466e-05 27435 
700  222             6137 6.641e-05 28836 
720  227             6362 7.054e-05 30287 
740  236             6457 6.930e-05 31760 
760  241             6698 7.112e-05 33289 
780  244             6972 7.432e-05 34881 
800  253             7059 7.536e-05 36492 