  1    1                2 4.275e-05 
  2    2                3 1.346e-05 
  3    3                5 1.303e-05 
  4    3                7 1.335e-05 
  5    4                9 1.338e-05 
  6    4               12 1.337e-05 
  7    5               15 1.383e-05 
  8    5               18 1.416e-05 
  9    5               21 2.356e-05 
 10    6               25 2.358e-05 
 11    6               29 7.223e-06 
 12    6               33 6.420e-06 
 13    7               37 6.328e-06 
 14    7               41 6.896e-06 
 15    7               46 6.338e-06 
 16    7               51 6.385e-06 
 17    8               56 6.564e-06 
 18    8               61 7.264e-06 
 19    8               66 7.081e-06 
 20    8               71 7.166e-06 
 21    9               76 1.171e-05 
 22    9               81 4.745e-06 
 23    9               85 4.638e-06 
 24    9               89 4.535e-06 
 25    9               92 4.682e-06 
 26   10               95 4.803e-06 
 27   10               98 4.976e-06 
 28   10              101 6.729e-06 
 29   10              104 6.469e-06 
 30   10              107 6.481e-06 
 31   11              110 8.043e-06 
 32   11              113 6.607e-06 
 33   11              116 6.609e-06 
 34   12              119 7.272e-06 
 35   12              122 7.582e-06 
 36   12              125 7.125e-06 
 37   13              128 4.879e-06 
 38   13              131 4.561e-06 
 39   13              134 6.939e-06 
 40   14              137 6.689e-06 
 41   14              140 6.679e-06 
 42   14              144 6.488e-06 
 43   15              148 5.140e-06 
 44   15              152 6.529e-06 
 45   15              156 6.342e-06 
 46   16              159 6.088e-06 
 47   16              162 6.332e-06 
 48   16              165 6.387e-06 
 49   16              168 6.129e-06 
 50   17              171 6.484e-06 
 55   19              182 1.141e-05 
 60   21              194 1.471e-05 
 65   23              209 9.020e-06 
 70   25              229 8.956e-06 
 75   26              254 9.246e-06 
 80   27              283 1.027e-05 
 85   28              313 1.079e-05 
 90   30              325 1.179e-05 
 95   32              335 1.119e-05 
100   35              345 1.191e-05 
110   39              372 2.022e-05 
120   42              418 1.695e-05 
130   44              468 1.726e-05 
140   46              523 1.859e-05 
150   48              568 1.982e-05 
160   52              590 2.117e-05 
170   57              613 2.053e-05 
180   60              656 2.160e-05 
190   62              714 1.907e-05 
200   64              767 2.019e-05 
220   70              818 3.634e-05 
240   77              896 3.111e-05 
260   81              992 3.102e-05 
280   88             1048 3.215e-05 
300   96             1108 3.617e-05 
320  101             1195 3.538e-05 
340  111             1243 4.735e-05 
360  115             1334 3.760e-05 
380  120             1437 4.089e-05 
400  128             1480 4.224e-05 
420  134             1573 4.896e-05 
440  139             1640 4.971e-05 
460  147             1691 5.349e-05 
480  152             1789 4.972e-05 
500  159             1848 5.105e-05 
520  166             1910 5.330e-05 
540  171             2026 5.763e-05 
560  178             2081 5.771e-05 
580  185             2153 5.728e-05 
600  189             2265 6.515e-05 
620  195             2329 6.536e-05 
640  203             2400 6.512e-05 
660  208             2484 6.798e-05 
680  214             2555 6.790e-05 
700  222             2615 7.035e-05 
720  227             2706 7.206e-05 
740  236             2754 7.647e-05 
760  241             2853 7.645e-05 
780  244             2958 8.417e-05 
800  253             3001 8.295e-05 
