  1    1                2 4.470e-05 
  2    2                3 1.260e-05 
  3    3                5 1.391e-05 
  4    3                8 1.384e-05 
  5    4               11 1.417e-05 
  6    4               14 1.358e-05 
  7    5               17 1.370e-05 
  8    5               21 1.377e-05 
  9    5               23 1.431e-05 
 10    6               28 1.482e-05 
 11    6               32 6.641e-06 
 12    6               34 5.885e-06 
 13    7               40 5.804e-06 
 14    7               42 5.889e-06 
 15    7               45 6.044e-06 
 16    7               50 6.141e-06 
 17    8               56 6.276e-06 
 18    8               58 5.833e-06 
 19    8               62 6.104e-06 
 20    8               68 6.456e-06 
 21    9               74 1.100e-05 
 22    9               76 6.780e-06 
 23    9               72 7.028e-06 
 24    9               78 7.820e-06 
 25    9               75 6.869e-06 
 26   10               80 7.170e-06 
 27   10               81 6.431e-06 
 28   10               76 6.608e-06 
 29   10               81 5.822e-06 
 30   10               84 5.679e-06 
 31   11               88 6.872e-06 
 32   11               91 6.212e-06 
 33   11               92 6.393e-06 
 34   12               96 6.592e-06 
 35   12               99 5.786e-06 
 36   12              100 6.047e-06 
 37   13              104 6.099e-06 
 38   13              107 4.647e-06 
 39   13              108 3.940e-06 
 40   14              112 3.967e-06 
 41   14              115 3.947e-06 
 42   14              117 3.998e-06 
 43   15              122 7.637e-06 
 44   15              126 4.917e-06 
 45   15              129 6.135e-06 
 46   16              133 6.096e-06 
 47   16              133 6.435e-06 
 48   16              134 5.097e-06 
 49   16              136 4.353e-06 
 50   17              140 4.365e-06 
 55   19              148 1.228e-05 
 60   21              160 1.022e-05 
 65   23              176 9.749e-06 
 70   25              196 9.946e-06 
 75   26              215 1.066e-05 
 80   27              234 1.116e-05 
 85   28              257 1.177e-05 
 90   30              262 1.274e-05 
 95   32              272 1.204e-05 
100   35              282 1.163e-05 
110   39              310 1.530e-05 
120   42              351 8.832e-06 
130   44              381 8.065e-06 
140   46              418 7.567e-06 
150   48              440 1.139e-05 
160   52              460 1.311e-05 
170   57              484 1.231e-05 
180   60              524 1.308e-05 
190   62              569 1.529e-05 
200   64              593 1.535e-05 
220   70              627 2.439e-05 
240   77              698 2.268e-05 
260   81              760 1.775e-05 
280   88              805 2.053e-05 
300   96              862 1.864e-05 
320  101              923 2.084e-05 
340  111              972 2.088e-05 
360  115             1039 2.194e-05 
380  120             1110 2.326e-05 
400  128             1144 2.474e-05 
420  134             1224 3.287e-05 
440  139             1264 3.104e-05 
460  147             1310 3.183e-05 
480  152             1391 2.658e-05 
500  159             1425 2.623e-05 
520  166             1483 2.666e-05 
540  171             1572 2.407e-05 
560  178             1603 3.207e-05 
580  185             1670 3.286e-05 
600  189             1750 3.130e-05 
620  195             1785 3.387e-05 
640  203             1854 3.390e-05 
660  208             1913 4.085e-05 
680  214             1968 4.329e-05 
700  222             2025 4.263e-05 
720  227             2085 3.924e-05 
740  236             2134 4.585e-05 
760  241             2209 5.028e-05 
780  244             2269 4.824e-05 
800  253             2309 6.264e-05 
